% -------------------------------------------------------------------
%  Generated by MATLAB on 29-Oct-2021 22:00:53
%  MATLAB version: 8.4.0.150421 (R2014b)
% -------------------------------------------------------------------
                                 

A = ...
  [-7 5 -9;
   2 -1 2;
   1 -1 2];

B = ...
  [16 3 2 13;
   5 10 11 8;
   9 6 7 12;
   4 15 14 1];

C = ...
  [-7 5 -9 4 2 -3;
   2 -1 2 7 -7 9;
   1 -1 2 3 -5 6];

D = ...
  [6 3 2;
   2 12 -7;
   -1 6 2;
   -5 15 11];

H = ...
  [-7 5 -9;
   2 -1 2;
   1 -1 2;
   6 3 2;
   2 12 -7;
   -1 6 2;
   -5 15 11];

M = ...
  [5 0 0 0 0 0 0 5;
   0 5 0 0 0 0 0 5;
   0 0 5 0 0 0 0 5;
   0 0 0 5 0 0 0 5;
   0 0 0 0 5 0 0 5;
   0 0 0 0 0 5 0 5;
   0 0 0 0 0 0 5 5];

R = [-9; 2; 2];

ans = ...
  [1 0 0 0 0 0 0 0;
   0 1 0 0 0 0 0 0;
   0 0 1 0 0 0 0 0;
   0 0 0 1 0 0 0 0;
   0 0 0 0 1 0 0 0;
   0 0 0 0 0 1 0 0;
   0 0 0 0 0 0 1 0;
   0 0 0 0 0 0 0 1];

